0	221	461	579	515	719	765	813	932	1080	1182	1325	1447	1192	1177	1418	1413	1493	1648	1616	1598	1619	1836	1943	
221	0	401	445	325	531	544	602	712	866	984	1146	1282	972	956	1198	1193	1282	1442	1401	1378	1399	1630	1722	
461	401	0	193	311	424	693	589	845	839	857	941	1032	1086	995	1295	1206	1213	1631	1547	1463	1412	1818	1794	
579	445	193	0	197	236	554	410	690	650	666	764	871	919	813	1119	1018	1021	1477	1380	1284	1223	1661	1610	
515	325	311	197	0	206	382	314	535	582	667	820	959	782	711	997	936	987	1321	1240	1170	1145	1508	1507	
719	531	424	236	206	0	378	180	483	416	465	615	760	692	577	886	782	801	1259	1153	1049	988	1440	1374	
765	544	693	554	382	378	0	248	169	402	605	832	1012	429	428	654	666	802	941	873	834	866	1129	1178	
813	602	589	410	314	180	248	0	313	269	399	605	776	513	406	709	624	681	1080	973	874	832	1261	1205	
932	712	845	690	535	483	169	313	0	334	566	807	995	260	290	486	520	688	788	708	666	712	974	1010	
1080	866	839	650	582	416	402	269	334	0	236	478	668	377	195	512	368	417	937	797	654	573	1104	966	
1182	984	857	666	667	465	605	399	566	236	0	242	432	595	398	682	466	369	1129	970	789	634	1282	1057	
1325	1146	941	764	820	615	832	605	807	478	242	0	190	829	630	888	644	461	1339	1169	968	770	1481	1190	
1447	1282	1032	871	959	760	1012	776	995	668	432	190	0	1017	818	1065	813	602	1516	1341	1131	915	1651	1326	
1192	972	1086	919	782	692	429	513	260	377	595	829	1017	0	199	226	333	562	573	462	407	489	750	751	
1177	956	995	813	711	577	428	406	290	195	398	630	818	199	0	319	238	404	743	602	472	442	908	799	
1418	1198	1295	1119	997	886	654	709	486	512	682	888	1065	226	319	0	262	513	451	288	181	321	600	525	
1413	1193	1206	1018	936	782	666	624	520	368	466	644	813	333	238	262	0	252	706	528	326	208	838	604	
1493	1282	1213	1021	987	801	802	681	688	417	369	461	602	562	404	513	252	0	947	762	538	313	1064	730	
1648	1442	1631	1477	1321	1259	941	1080	788	937	1129	1339	1516	573	743	451	706	947	0	192	426	682	189	558	
1616	1401	1547	1380	1240	1153	873	973	708	797	970	1169	1341	462	602	288	528	762	192	0	234	490	313	420	
1598	1378	1463	1284	1170	1049	834	874	666	654	789	968	1131	407	472	181	326	538	426	234	0	256	526	344	
1619	1399	1412	1223	1145	988	866	832	712	573	634	770	915	489	442	321	208	313	682	490	256	0	773	424	
1836	1630	1818	1661	1508	1440	1129	1261	974	1104	1282	1481	1651	750	908	600	838	1064	189	313	526	773	0	536	
1943	1722	1794	1610	1507	1374	1178	1205	1010	966	1057	1190	1326	751	799	525	604	730	558	420	344	424	536	0	