0	76	180	204	169	215	233	254	285	320	360	440	485	363	362	457	454	487	529	522	523	538	572	677	
76	0	152	154	106	148	158	180	210	246	291	380	430	288	286	382	378	413	462	450	448	462	506	603	
180	152	0	57	94	117	218	176	266	229	230	283	317	335	297	421	379	380	537	502	481	468	581	635	
204	154	57	0	60	64	175	123	218	172	176	239	282	283	242	367	322	324	488	449	426	411	532	579	
169	106	94	60	0	46	125	97	174	160	191	274	325	246	218	336	306	325	445	414	398	395	490	554	
215	148	117	64	46	0	115	60	155	117	145	232	287	219	181	304	266	280	424	386	365	355	468	519	
233	158	218	175	125	115	0	80	54	122	194	301	365	131	134	225	225	276	321	297	291	306	366	446	
254	180	176	123	97	60	80	0	104	66	121	225	287	161	122	245	209	233	367	326	305	298	411	459	
285	210	266	218	174	155	54	104	0	116	194	302	369	78	96	172	182	245	271	244	238	259	316	393	
320	246	229	172	160	117	122	66	116	0	78	186	253	139	76	205	150	167	343	290	258	239	385	408	
360	291	230	176	191	145	194	121	194	78	0	108	175	210	138	259	179	152	406	343	301	261	445	440	
440	380	283	239	274	232	301	225	302	186	108	0	68	311	237	343	248	181	494	423	372	312	530	491	
485	430	317	282	325	287	365	287	369	253	175	68	0	379	305	408	311	235	559	486	433	368	594	544	
363	288	335	283	246	219	131	161	78	139	210	311	379	0	74	94	125	206	207	168	160	189	250	315	
362	286	297	242	218	181	134	122	96	76	138	237	305	74	0	129	92	149	269	214	184	178	310	337	
457	382	421	367	336	304	225	245	172	205	259	343	408	94	129	0	101	192	151	85	66	116	188	221	
454	378	379	322	306	266	225	209	182	150	179	248	311	125	92	101	0	92	251	175	125	89	284	262	
487	413	380	324	325	280	276	233	245	167	152	181	235	206	149	192	92	0	339	260	201	132	369	310	
529	462	537	488	445	424	321	367	271	343	406	494	559	207	269	151	251	339	0	84	147	231	45	208	
522	450	502	449	414	386	297	326	244	290	343	423	486	168	214	85	175	260	84	0	63	147	110	163	
523	448	481	426	398	365	291	305	238	258	301	372	433	160	184	66	125	201	147	63	0	84	170	156	
538	462	468	411	395	355	306	298	259	239	261	312	368	189	178	116	89	132	231	147	84	0	253	181	
572	506	581	532	490	468	366	411	316	385	445	530	594	250	310	188	284	369	45	110	170	253	0	194	
677	603	635	579	554	519	446	459	393	408	440	491	544	315	337	221	262	310	208	163	156	181	194	0	